160606050
145132638
763874860
221922945
16310634
93603042
501222620
239375397
5548791
20370288
355668549
193931034
166296725
334648425
4186446
107029096
612375368
167073539
75158775
84325088
730154745
199720944
40950348
420220948
242249470
41267109
96196698
5794964
477866032
369324983
4419050
489522416
870121602
241362993
99226127
510808761
425015618
14575302
46987668
109768150
247022064
555191381
96073018
350746716
464346400
248621184
221628976
5467268
576356133
81742780
63473995
146639168
55943992
132122184
37817681
118539519
83871152
468367005
66817257
543571116
487553055
328929024
503751576
12638388
112555755
29280273
47297376
111228768
3946302
224496077
307723671
73529190
497230917
104523885
104321448
647789064
22969820
372231100
17389341
145705810
17739724
206625800
186816630
569067150
275515584
204250814
345369438
105753089
341533425
326447959
239762775
154387392
2440044
341774204
44469488
114057600
71752656
25045475
434084336
231594959
907421952
161459408
252865008
187208670
64859438
606495580
123077830
168389009
370754001
834858864
330857245
224091962
88749108
1692234
283028446
478201410
95380440
366172050
250421453
526261536
199803240
340964820
163211132
344035904
128196456
125228224
155798636
313873595
474181662
541929028
166628538
144019564
960300900
636617448
286911975
573576990
645234000
247173003
106141980
26342728
453997929
275984723
169033332
251010658
265085705
385226292
24784704
68536692
22065462
46387872
4251828
21288224
151150417
192280662
657446634
120862644
74908656
107326830
290456922
34446120
168830980
159131754
482408100
175945140
1017542595
873436361
164892252
605547927
14108980
1689345
34773002
305677386
288952027
504854150
225187964
605614672
97422480
169807420
475023825
120316140
678981054
137165808
742069525
59469168
6021708
58280496
385524360
106941142
433568024
459847080
323699688
79590758
6657435
104089842
107048976
79366324
95031657
242159235
514087404
117426216
222527030
781605660
236822859
486249165
172931400
342217290
323388560
961965485
248364520
49923776
99078921
40131000
488164758
36414980
297988760
119023450
21941037
485768608
245947590
856659648
2339434
88233320
702323604
32639530
106430058
612433756
313565434
26326720
67052904
318894433
420812196
170973869
322545318
68309178
572815197
2979240
172543272
228530016
59456390
64273612
105842726
579529881
937118595
212854635
185892562
48716710
210663785
609948108
176385188
141300432
294544969
27158472
316225338
47937726
265530416
402541413
257321054
367310951
615664200
755923592
474020200
401994628
105683124
7281600
527840498
537122768
499808925
135705526
839872586
748134450
425015304
39387215
912449603
256244396
74962296
130304475
187443776
362006904
574313874
291431715
453511950
28249920
25356240
7199115
367775940
46711644
948019476
305433600
101506124
56308224
49020601
103473513
667046340
4553990
124123941
90368608
25783782
620034885
125026566
29655208
813066605
950937801
38810540
40504880
161443188
169087658
259622052
9700994
385459425
164581846
153115620
115177692
366290967
110430740
27852264
114363500
285212502
295515155
119629433
27821932
139411300
11061615
391844700
319333600
234143032
237206940
238647045
152947074
244914492
122762421
163476950
403045767
258588404
66814632
71248346
839477664
118881756
255177027
35050340
511510076
602694450
252590190
401629800
106501395
88546224
60121880
293101520
250993860
980414200
410838099
436983776
180538287
182656075
109160530
68032920
356584515
251323205
602030880
154078131
66621555
541088205
185926468
566618481
348455042
65908584
669468
159603348
20698524
209760880
28764384
47761632
232106000
160891768
77460705
27146826
6337370
303560950
21713496
383827692
51461971
402092416
865701600
214222603
225701504
606336626
730181739
474005763
459747112
645931132
115929646
68248194
160832000
36089300
218164023
585806272
537573124
210730520
99539973
838242900
19145616
503199360
428091042
393694432
10795290
96986088
225748267
313474590
991435115
147040179
101711100
88077000
90752355
427263822
97188525
42472610
490553315
163588340
370991082
187605620
263621120
149533857
276640842
390745682
650164716
61297340
65879441
504405342
470964837
323849100
297861270
265979520
111726720
226994310
34716528
577100199
5196044
51329181
49230936
231025572
85908006
30117618
76971762
565082227
516698165
52845523
604058583
263176830
394729703
329397398
361046268
17640738
16623670
266351270
344003217
512519544
108627116
403736480
422471456
212719700
195072768
259908543
849008660
274560172
339008685
338548203
91214743
175903068
142953555
462065500
357692775
374571510
188928975
113542728
18060273
222967318
478173864
445633009
568152816
676028754
9357341
9219392
83357439
106076180
420708216
399937584
45536840
313851582
133598766
895487784
6242906
168311493
391096368
736128600
216695627
20901480
339949104
175680960
266415975
734963057
480443832
637032874
288790736
555408468
146046320
581568260
855654030
353000460
518044410
228063006
332921200
554566656
731689350
117244042
696770772
435226086
14847964
426734011
432599856
209562573
486710532
236819385
497135256
95569650
117771880
79232175
131642074
333191518
58728483
110892552
859716280
400540140
113402640
94005254
96723207
26504625
789854560
244960044
588644581
42440201
13126142
231448945
587680796
484979859
283996230
481773681
652891008
326627656
374139116
168267264
38928384
246210888
523897839
255325215
118556725
367629858
12026385
102535270
192768274
662444320
559345968
608010525
91008745
30189120
2912978
616486689
2611950
200411280
187766250
223752385
182418325
53784830
464142456
699576000
420438206
63730442
406122270
242199360
674562588
82832210
356146200
29032950
729913275
101173860
199838415
4092912
443550245
375061176
104127457
8197035
130516230
198281858
776175036
320908406
24160410
178603652
217672417
554191232
153612759
922865640
83039712
82179356
774684883
55114915
2334000
229386976
32290575
8017296
1000885592
1024804295
65866320
11313
253859840
794701299
709465636
449308992
351613457
320914216
75479868
337179225
38619750
5148602
13938142
153615424
98691884
153697030
765487866
318660811
3729480
71301152
2167974
14564344
41209938
153645750
236616742
42843846
17971866
370748408
758780528
404209092
413851638
414837942
117054333
181956172
428048404
449863722
254066274
1540770
390195000
18917431
597175467
227653762
406924708
94060902
247691520
45913211
203095088
472209953
379854165
774812724
90569754
127787616
126160278
2974720
9196481
19028044
69068188
86514087
460752876
134722224
219479685
53400207
4080860
25019520
575641318
279522870
347647454
968687962
414390150
79459905
465481250
280473247
194722657
330846274
1043322210
176547016
411575808
93084060
97455644
8211931
160602750
489908672
110883604
633453597
26142233
337083544
513045379
169124375
210074190
472506300
521088912
22535552
196550574
646479992
219610776
422283860
317837300
21813965
252143134
242795850
253241526
165064699
223575066
210675641
153443180
39662826
16699067
10369422
508215136
469062652
320480390
387418918
249957149
608386020
23487660
142021341
78681471
127501875
388628464
361770472
351955484
22714160
302115965
119809011
42092820
198702216
484116480
549314520
84946554
801286280
63475662
462328204
87678915
346371266
178811815
268854866
475267338
561926925
302141439
25356418
866427450
304071040
49038288
27528372
77492800
85719070
411844758
599457370
9242475
176954024
191768164
58812861
271204182
497247113
116839156
416845548
292029890
188523716
604891260
145268966
294842768
368210598
136348319
7953790
584570743
361617727
589346485
332126658
69801480
1051901000
1908522
939614900
810902360
295610784
145156440
319468919
559816068
193394300
537784412
250161511
267486670
237129465
8555325
310584240
118050996
196845852
59307633
22334210
919651440
10963320
500489158
23516937
191347751
555410502
20549430
175910303
471717270
186963556
164142030
155356332
439295269
721728261
361036260
109545931
12094550
468230984
77502488
590279360
789930
433770028
119722860
64373320
307739280
610599591
136834664
942533712
405381888
257225070
430670400
177481948
135738193
419992807
335819330
2725632
583754550
468444740
225729672
34650980
305611621
690364796
215259593
664461950
591249021
355130034
225947628
130784714
116556156
304415621
566317800
88011770
13906200
146149915
284773920
105241580
15590400
830389000
302750600
525660716
90922062
373755144
216310380
799196916
677388250
523194
64949562
73512267
164659330
830516155
47550874
148800552
18831854
56253288
78817882
37029924
58920132
298671009
622906640
195667808
411713664
11497026
550508860
207598271
76607440
111117906
358695766
11846444
1508984
125033160
52329409
416014520
15592619
9420295
529874136
413455504
413244869
688470529
337903713
799769322
273115824
104016528
42044787
18904810
18714521
110702240
727071800
726384400
41566503
572523516
54700430
742947388
17098560
133868878
190604257
133121484
303147543
317861215
445562808
276590552
495890937
318886740
483342480
226750416
2403670
466540368
572528965
287308020
3435398
46815828
5755708
5896660
531779022
254295981
404109468
125070544
540629249
76720032
147481791
301242150
238344561
684516257
252072192
860484128
116444310
276216984
381186696
468842784
282758693
913958544
260432381
221040
196670705
127120035
148501392
224620760
243106596
206076210
127872624
70556080
213829341
638163902
17281395
71677700
52925400
885222912
554082323
77018994
64446558
160906921
163761360
631184047
4635840
10828728
507732525
141584805
12208447
315449554
19656000
45504492
130717248
640918550
620549270
108519957
6280956
96892356
138670664
822461230
951653057
112710324
839131312
122402676
29202822
574716285
123620925
335462360
544775616
171675504
513673724
51431625
585989794
85931860
53111917
-1
